2738
2749
2750
2751
2792
2796
2818
2822
2823
2825
2832
2854
2855
2856
2859
2865
2894
2896
2902
2909
2922
2951
2952
2954
2963
2967
2971
2995
3013
3014
3016
3018
3020
3033
3034
3036
3039
3040
3043
3044
3045
3048
3075
3081
3086
3091
3138
3141
3144
3145
3146
3152
3178
3179
3183
3184
3187
3189
3190
3209
3210
3212
3216
3226
3232
3233
3235
3245
3281
3282
3284
3295
3296
3316
3321
3322
3323
3325
3326
3344
3345
3346
3350
3362
3367
3370
3372
3373
3374
3400
3404
3407
3411
3414
3428
3429
3430
3432
3435
3437
3456
3457
3458
3463
3465
3466
3467
3475
3476
3490
3493
3497
3500
3508
3512
3513
3516
3523
3524
3526
3532
3535
3536
3540
3541
3543
3567
3568
3575
3582
3584
3595
3596
3599
3614
3615
3616
3618
3633
3635
3638
3645
3647
3648
3649
3668
3676
3681
3682
3683
3699
3700
3702
3703
3708
3714
3725
3726
3728
3739
3742
3756
3757
3765
3798
3800
3802
3816
3817
3820
3844
3846
3852
3854
3855
3865
3881
3883
3897
3899
3902
3906
3907
3911
3918
3919
3924
3928
3933
3934
3951
3952
3953
3954
3956
3962
3964
3966
3967
3971
